127.26 335.37
325.00 366.31
207.74 324.00
257.63 446.80
440.21 64.83
464.69 426.82
364.32 465.19
66.13 316.10
343.96 268.81
57.24 141.08
83.42 106.44
279.65 496.71
103.10 71.96
285.85 271.89
62.49 325.12
374.40 219.96
367.23 257.46
475.03 428.84
24.39 112.20
325.22 148.84
242.54 482.60
364.27 343.41
71.93 110.21
40.61 24.96
133.54 65.03
295.42 239.39
43.06 486.01
357.53 40.61
461.47 112.41
336.61 142.59
150.65 246.28
87.65 321.45
293.00 454.44
324.61 353.88
392.25 394.54
228.27 139.37
1.40 245.15
453.92 352.59
94.15 393.73
171.21 419.37
263.97 195.47
429.34 225.39
289.19 204.13
146.85 351.97
265.30 58.28
488.25 326.31
376.36 233.27
243.23 126.32
243.22 36.78
326.32 358.20
454.47 208.47
430.69 77.92
30.41 154.76
83.28 25.41
198.96 154.66
78.88 215.65
402.34 349.36
205.11 130.60
291.25 436.21
132.70 238.06
135.25 325.62
235.49 173.58
489.36 305.34
86.05 95.79
34.59 200.32
282.53 98.82
134.06 217.24
194.99 220.64
347.84 490.89
324.65 496.12
300.85 467.47
376.05 193.68
231.45 315.19
8.30 374.18
201.04 334.35
486.27 139.26
244.42 386.69
475.68 132.66
306.79 433.21
441.78 384.60
256.86 415.07
143.08 160.17
85.85 318.38
35.66 369.29
495.43 354.52
15.94 170.00
357.48 203.07
490.72 4.26
144.64 34.13
113.62 427.65
13.34 102.84
246.63 40.00
135.38 126.80
477.33 471.89
422.14 369.02
312.89 411.30
422.73 387.89
409.95 345.24
461.48 172.34
318.80 134.22
